Code [2,1,2]
Code [3,1,3]
Code [3,2,2]
Code [4,1,4]
Code [4,3,2]
Code [5,1,5]
Code [5,4,2]
Code [6,1,6]
Code [6,5,2]
Code [7,1,7]
Code [7,4,3]
Code [7,6,2]
Code [8,1,8]
Code [8,7,2]
Code [9,1,9]
Code [9,8,2]
Code [10,1,10]
Code [10,9,2]
Code [11,1,11]
Code [11,10,2]
Code [12,1,12]
Code [12,11,2]
Code [13,1,13]
Code [13,12,2]
Code [14,1,14]
Code [14,13,2]
Code [15,1,15]
Code [15,5,7]
Code [15,7,5]
Code [15,11,3]
Code [15,14,2]
Code [16,1,16]
Code [16,15,2]
Code [17,1,17]
Code [17,8,6]
Code [17,9,5]
Code [17,16,2]
Code [18,1,18]
Code [18,17,2]
Code [19,1,19]
Code [19,18,2]
Code [20,1,20]
Code [20,19,2]
Code [21,1,21]
Code [21,12,5]
Code [21,20,2]
Code [22,1,22]
Code [22,21,2]
Code [23,1,23]
Code [23,11,8]
Code [23,12,7]
Code [23,22,2]
Code [24,1,24]
Code [24,23,2]
Code [25,1,25]
Code [25,24,2]
Code [26,1,26]
Code [26,25,2]
Code [27,1,27]
Code [27,26,2]
Code [28,1,28]
Code [28,27,2]
Code [29,1,29]
Code [29,28,2]
Code [30,1,30]
Code [30,29,2]
Code [31,1,31]
Code [31,6,15]
Code [31,10,12]
Code [31,11,11]
Code [31,21,5]
Code [31,26,3]
Code [31,30,2]
Code [32,1,32]
Code [32,31,2]
Code [33,1,33]
Code [33,32,2]
Code [34,1,34]
Code [34,33,2]
Code [35,1,35]
Code [35,34,2]
Code [36,1,36]
Code [36,35,2]
Code [37,1,37]
Code [37,36,2]
Code [38,1,38]
Code [38,37,2]
Code [39,1,39]
Code [39,38,2]
Code [40,1,40]
Code [40,39,2]
Code [41,1,41]
Code [41,20,10]
Code [41,21,9]
Code [41,40,2]
Code [42,1,42]
Code [42,41,2]
Code [43,1,43]
Code [43,14,14]
Code [43,15,13]
Code [43,42,2]
Code [44,1,44]
Code [44,43,2]
Code [45,1,45]
Code [45,44,2]
Code [46,1,46]
Code [46,45,2]
Code [47,1,47]
Code [47,23,12]
Code [47,24,11]
Code [47,46,2]
Code [48,1,48]
Code [48,47,2]
Code [49,1,49]
Code [49,48,2]
Code [50,1,50]
Code [50,49,2]
Code [51,1,51]
Code [51,8,24]
Code [51,17,16]
Code [51,19,14]
Code [51,50,2]
Code [52,1,52]
Code [52,51,2]
Code [53,1,53]
Code [53,52,2]
Code [54,1,54]
Code [54,53,2]
Code [55,1,55]
Code [55,20,16]
Code [55,21,15]
Code [55,54,2]
Code [56,1,56]
Code [56,55,2]
Code [57,1,57]
Code [57,56,2]
Code [58,1,58]
Code [58,57,2]
Code [59,1,59]
Code [59,58,2]
Code [60,1,60]
Code [60,59,2]
Code [61,1,61]
Code [61,60,2]
Code [62,1,62]
Code [62,61,2]
Code [63,1,63]
Code [63,7,31]
Code [63,10,27]
Code [63,11,26]
Code [63,15,24]
Code [63,16,23]
Code [63,17,22]
Code [63,18,21]
Code [63,30,13]
Code [63,35,12]
Code [63,36,11]
Code [63,39,9]
Code [63,45,8]
Code [63,46,7]
Code [63,51,5]
Code [63,57,3]
Code [63,62,2]
Code [64,1,64]
Code [64,63,2]
Code [65,1,65]
Code [65,12,26]
Code [65,13,25]
Code [65,40,10]
Code [65,52,6]
Code [65,53,5]
Code [65,64,2]
Code [66,1,66]
Code [66,65,2]
Code [67,1,67]
Code [67,66,2]
Code [68,1,68]
Code [68,67,2]
Code [69,1,69]
Code [69,68,2]
Code [70,1,70]
Code [70,69,2]
Code [71,1,71]
Code [71,70,2]
Code [72,1,72]
Code [72,71,2]
Code [73,1,73]
Code [73,27,20]
Code [73,72,2]
Code [74,1,74]
Code [74,73,2]
Code [75,1,75]
Code [75,74,2]
Code [76,1,76]
Code [76,75,2]
Code [77,1,77]
Code [77,76,2]
Code [78,1,78]
Code [78,77,2]
Code [79,1,79]
Code [79,78,2]
Code [80,1,80]
Code [80,79,2]
Code [81,1,81]
Code [81,80,2]
Code [82,1,82]
Code [82,81,2]
Code [83,1,83]
Code [83,82,2]
Code [84,1,84]
Code [84,83,2]
Code [85,1,85]
Code [85,84,2]
Code [86,1,86]
Code [86,85,2]
Code [87,1,87]
Code [87,31,22]
Code [87,86,2]
Code [88,1,88]
Code [88,87,2]
Code [89,1,89]
Code [89,11,40]
Code [89,23,28]
Code [89,55,12]
Code [89,56,11]
Code [89,88,2]
Code [90,1,90]
Code [90,89,2]
Code [91,1,91]
Code [91,90,2]
Code [92,1,92]
Code [92,91,2]
Code [93,1,93]
Code [93,23,29]
Code [93,92,2]
Code [94,1,94]
Code [94,93,2]
Code [95,1,95]
Code [95,94,2]
Code [96,1,96]
Code [96,95,2]
Code [97,1,97]
Code [97,96,2]
Code [98,1,98]
Code [98,97,2]
Code [99,1,99]
Code [99,98,2]
Code [100,1,100]
Code [100,99,2]
Code [101,1,101]
Code [101,100,2]
Code [102,1,102]
Code [102,101,2]
Code [103,1,103]
Code [103,102,2]
Code [104,1,104]
Code [104,103,2]
Code [105,1,105]
Code [105,104,2]
Code [106,1,106]
Code [106,105,2]
Code [107,1,107]
Code [107,106,2]
Code [108,1,108]
Code [108,107,2]
Code [109,1,109]
Code [109,108,2]
Code [110,1,110]
Code [110,109,2]
Code [111,1,111]
Code [111,110,2]
Code [112,1,112]
Code [112,111,2]
Code [113,1,113]
Code [113,112,2]
Code [114,1,114]
Code [114,113,2]
Code [115,1,115]
Code [115,114,2]
Code [116,1,116]
Code [116,115,2]
Code [117,1,117]
Code [117,116,2]
Code [118,1,118]
Code [118,117,2]
Code [119,1,119]
Code [119,118,2]
Code [120,1,120]
Code [120,119,2]
Code [121,1,121]
Code [121,120,2]
Code [122,1,122]
Code [122,121,2]
Code [123,1,123]
Code [123,122,2]
Code [124,1,124]
Code [124,123,2]
Code [125,1,125]
Code [125,124,2]
Code [126,1,126]
Code [126,125,2]
Code [127,1,127]
Code [127,8,63]
Code [127,14,56]
Code [127,15,55]
Code [127,21,48]
Code [127,22,47]
Code [127,28,44]
Code [127,29,43]
Code [127,43,31]
Code [127,50,27]
Code [127,64,21]
Code [127,71,19]
Code [127,78,15]
Code [127,85,13]
Code [127,92,11]
Code [127,99,9]
Code [127,106,7]
Code [127,113,5]
Code [127,120,3]
Code [127,126,2]
Code [128,1,128]
Code [128,127,2]
Code [129,1,129]
Code [129,100,10]
Code [129,114,6]
Code [129,128,2]
Code [130,1,130]
Code [130,129,2]
Code [131,1,131]
Code [131,130,2]
Code [132,1,132]
Code [132,131,2]
Code [133,1,133]
Code [133,132,2]
Code [134,1,134]
Code [134,133,2]
Code [135,1,135]
Code [135,134,2]
Code [136,1,136]
Code [136,135,2]
Code [137,1,137]
Code [137,136,2]
Code [138,1,138]
Code [138,137,2]
Code [139,1,139]
Code [139,138,2]
Code [140,1,140]
Code [140,139,2]
Code [141,1,141]
Code [141,140,2]
Code [142,1,142]
Code [142,141,2]
Code [143,1,143]
Code [143,142,2]
Code [144,1,144]
Code [144,143,2]
Code [145,1,145]
Code [145,144,2]
Code [146,1,146]
Code [146,145,2]
Code [147,1,147]
Code [147,146,2]
Code [148,1,148]
Code [148,147,2]
Code [149,1,149]
Code [149,148,2]
Code [150,1,150]
Code [150,149,2]
Code [151,1,151]
Code [151,31,47]
Code [151,135,6]
Code [151,136,5]
Code [151,150,2]
Code [152,1,152]
Code [152,151,2]
Code [153,1,153]
Code [153,152,2]
Code [154,1,154]
Code [154,153,2]
Code [155,1,155]
Code [155,154,2]
Code [156,1,156]
Code [156,155,2]
Code [157,1,157]
Code [157,156,2]
Code [158,1,158]
Code [158,157,2]
Code [159,1,159]
Code [159,158,2]
Code [160,1,160]
Code [160,159,2]
Code [161,1,161]
Code [161,160,2]
Code [162,1,162]
Code [162,161,2]
Code [163,1,163]
Code [163,162,2]
Code [164,1,164]
Code [164,163,2]
Code [165,1,165]
Code [165,164,2]
Code [166,1,166]
Code [166,165,2]
Code [167,1,167]
Code [167,166,2]
Code [168,1,168]
Code [168,167,2]
Code [169,1,169]
Code [169,168,2]
Code [170,1,170]
Code [170,169,2]
Code [171,1,171]
Code [171,170,2]
Code [172,1,172]
Code [172,171,2]
Code [173,1,173]
Code [173,172,2]
Code [174,1,174]
Code [174,173,2]
Code [175,1,175]
Code [175,174,2]
Code [176,1,176]
Code [176,175,2]
Code [177,1,177]
Code [177,176,2]
Code [178,1,178]
Code [178,177,2]
Code [179,1,179]
Code [179,178,2]
Code [180,1,180]
Code [180,179,2]
Code [181,1,181]
Code [181,180,2]
Code [182,1,182]
Code [182,181,2]
Code [183,1,183]
Code [183,182,2]
Code [184,1,184]
Code [184,183,2]
Code [185,1,185]
Code [185,184,2]
Code [186,1,186]
Code [186,185,2]
Code [187,1,187]
Code [187,186,2]
Code [188,1,188]
Code [188,187,2]
Code [189,1,189]
Code [189,188,2]
Code [190,1,190]
Code [190,189,2]
Code [191,1,191]
Code [191,190,2]
Code [192,1,192]
Code [192,191,2]
Code [193,1,193]
Code [193,192,2]
Code [194,1,194]
Code [194,193,2]
Code [195,1,195]
Code [195,194,2]
Code [196,1,196]
Code [196,195,2]
Code [197,1,197]
Code [197,196,2]
Code [198,1,198]
Code [198,197,2]
Code [199,1,199]
Code [199,198,2]
Code [200,1,200]
Code [200,199,2]
Code [201,1,201]
Code [201,200,2]
Code [202,1,202]
Code [202,201,2]
Code [203,1,203]
Code [203,202,2]
Code [204,1,204]
Code [204,203,2]
Code [205,1,205]
Code [205,204,2]
Code [206,1,206]
Code [206,205,2]
Code [207,1,207]
Code [207,206,2]
Code [208,1,208]
Code [208,207,2]
Code [209,1,209]
Code [209,208,2]
Code [210,1,210]
Code [210,209,2]
Code [211,1,211]
Code [211,210,2]
Code [212,1,212]
Code [212,211,2]
Code [213,1,213]
Code [213,212,2]
Code [214,1,214]
Code [214,213,2]
Code [215,1,215]
Code [215,214,2]
Code [216,1,216]
Code [216,215,2]
Code [217,1,217]
Code [217,216,2]
Code [218,1,218]
Code [218,217,2]
Code [219,1,219]
Code [219,218,2]
Code [220,1,220]
Code [220,219,2]
Code [221,1,221]
Code [221,220,2]
Code [222,1,222]
Code [222,221,2]
Code [223,1,223]
Code [223,222,2]
Code [224,1,224]
Code [224,223,2]
Code [225,1,225]
Code [225,224,2]
Code [226,1,226]
Code [226,225,2]
Code [227,1,227]
Code [227,226,2]
Code [228,1,228]
Code [228,227,2]
Code [229,1,229]
Code [229,228,2]
Code [230,1,230]
Code [230,229,2]
Code [231,1,231]
Code [231,230,2]
Code [232,1,232]
Code [232,231,2]
Code [233,1,233]
Code [233,30,88]
Code [233,232,2]
Code [234,1,234]
Code [234,233,2]
Code [235,1,235]
Code [235,234,2]
Code [236,1,236]
Code [236,235,2]
Code [237,1,237]
Code [237,236,2]
Code [238,1,238]
Code [238,237,2]
Code [239,1,239]
Code [239,238,2]
Code [240,1,240]
Code [240,239,2]
Code [241,1,241]
Code [241,24,94]
Code [241,25,93]
Code [241,240,2]
Code [242,1,242]
Code [242,241,2]
Code [243,1,243]
Code [243,242,2]
Code [244,1,244]
Code [244,243,2]
Code [245,1,245]
Code [245,244,2]
Code [246,1,246]
Code [246,245,2]
Code [247,1,247]
Code [247,246,2]
Code [248,1,248]
Code [248,247,2]
Code [249,1,249]
Code [249,248,2]
Code [250,1,250]
Code [250,249,2]
Code [251,1,251]
Code [251,250,2]
Code [252,1,252]
Code [252,251,2]
Code [253,1,253]
Code [253,252,2]
Code [254,1,254]
Code [254,253,2]
Code [255,1,255]
Code [255,9,127]
Code [255,13,119]
Code [255,20,112]
Code [255,21,111]
Code [255,25,100]
Code [255,26,98]
Code [255,32,96]
Code [255,37,91]
Code [255,45,87]
Code [255,47,85]
Code [255,207,13]
Code [255,215,11]
Code [255,223,9]
Code [255,231,7]
Code [255,239,5]
Code [255,247,3]
Code [255,254,2]
Code [256,1,256]
Code [256,255,2]
Code [31,16,7]
Code [63,24,15]
Code [127,36,31]
Code [127,57,23]
Code [255,29,95]
Code [255,55,63]
Code [117,36,32]
Code [63,45,7]
Code [255,63,63]
Code [79,40,15]
Code [97,49,15]
Code [103,52,19]
Code [137,69,21]
Code [151,76,19]
Code [89,45,17]
Code [113,57,15]
Code [71,36,11]
Code [73,37,13]
Code [167,84,23]
Code [73,36,16]
Code [79,39,16]
Code [89,44,18]
Code [91,51,14]
Code [103,51,20]
Code [117,37,29]
Code [117,42,26]
Code [117,49,24]
Code [127,35,36]
Code [127,36,35]
Code [127,42,32]
Code [127,49,28]
Code [127,63,22]
Code [127,70,20]
Code [129,44,30]
Code [129,45,29]
Code [129,72,18]
Code [129,86,14]
Code [129,87,13]
Code [141,69,24]
Code [151,60,32]
Code [151,61,31]
Code [151,76,23]
Code [151,106,13]
Code [195,40,58]
Code [195,52,50]
Code [195,53,49]
Code [195,54,48]
Code [195,55,47]
Code [195,56,46]
Code [195,62,44]
Code [195,66,42]
Code [195,67,41]
Code [195,68,40]
Code [195,69,39]
Code [195,74,38]
Code [195,75,37]
Code [195,78,36]
Code [199,100,31]
Code [205,41,60]
Code [205,60,48]
Code [205,61,46]
Code [215,71,46]
Code [221,57,54]
Code [223,37,72]
Code [223,38,71]
Code [223,75,47]
Code [223,112,31]
Code [229,76,48]
Code [233,59,60]
Code [241,73,54]
Code [255,33,95]
Code [255,36,92]
Code [255,38,90]
Code [255,44,88]
Code [255,46,86]
Code [255,49,75]
Code [255,52,74]
Code [255,54,72]
Code [255,55,70]
Code [255,57,68]
Code [255,63,65]
Code [255,65,63]
Code [255,70,62]
Code [255,71,61]
Code [255,84,56]
Code [255,86,54]
Code [255,87,53]
Code [255,90,52]
Code [255,91,51]
Code [255,98,48]
Code [255,99,47]
Code [255,106,46]
Code [255,107,45]
Code [255,114,44]
Code [255,115,43]
Code [255,122,40]
Code [255,123,39]
Code [255,130,38]
Code [255,131,37]
Code [255,134,34]
Code [255,138,32]
Code [255,139,31]
Code [255,146,30]
Code [255,147,29]
Code [255,154,28]
Code [255,155,27]
Code [255,162,26]
Code [255,163,25]
Code [255,170,24]
Code [255,171,23]
Code [255,178,22]
Code [255,179,21]
Code [255,186,20]
Code [255,187,19]
Code [63,9,28]
Code [93,33,22]
Code [145,32,44]
Code [151,30,48]
Code [255,12,120]
Code [127,56,24]
Code [171,37,48]
Code [171,38,48]
Code [195,41,56]
Code [195,45,52]
Code [195,48,50]
Code [195,49,50]
Code [195,65,42]
Code [215,42,62]
Code [217,41,64]
Code [217,46,60]
Code [233,58,60]
Code [241,49,68]
Code [255,51,74]
Code [255,53,72]
Code [255,58,66]
Code [255,60,66]
Code [255,78,56]
Code [127,43,29]
Code [255,199,15]
Code [255,191,17]
Code [255,79,55]
Code [255,71,59]
Code [255,63,61]
Code [511,502,3]
Code [511,493,5]
Code [511,484,7]
Code [511,475,9]
Code [511,466,11]
Code [511,457,13]
Code [511,448,15]
Code [511,439,17]
Code [511,430,19]
Code [511,421,21]
Code [511,412,23]
Code [511,403,25]
Code [511,394,27]
Code [511,385,29]
Code [511,376,31]
Code [511,367,33]
Code [511,358,37]
Code [511,349,39]
Code [511,340,41]
Code [511,331,43]
Code [511,322,45]
Code [511,313,47]
Code [511,304,51]
Code [511,295,53]
Code [511,286,55]
Code [511,277,57]
Code [511,268,59]
Code [511,259,61]
Code [511,250,63]
Code [511,241,73]
Code [511,238,75]
Code [511,229,77]
Code [511,220,79]
Code [511,211,83]
Code [511,202,85]
Code [511,193,87]
Code [511,184,91]
Code [511,175,93]
Code [511,166,95]
Code [511,157,103]
Code [511,148,107]
Code [511,139,109]
Code [511,130,111]
Code [511,121,117]
Code [511,112,119]
Code [511,103,123]
Code [511,94,125]
Code [511,85,127]
Code [511,76,171]
Code [511,67,175]
Code [511,58,183]
Code [511,49,187]
Code [511,40,191]
Code [511,31,219]
Code [511,28,223]
Code [511,19,239]
Code [511,10,255]
